Patika.dev 
Selection Projesi Ödevi

1.SORU:  [22, 27, 16, 2, 18, 6] – Selection Sort 

1-) 22 için
[22, 27, 16, 2, 18, 6]

2-) 27 için
[22, 27, 16, 2, 18, 6]

3-) 16 için
[22, 16, 27, 2, 18, 6]
[16, 22, 27, 2, 18, 6]

4-) 2 için
[16, 22, 2, 27, 18, 6]
[16, 2, 22, 27, 18, 6]
[2, 16, 22, 27, 18, 6]

5-) 18 için
[2, 16, 22, 18, 27, 6]
[2, 16, 18, 22, 27, 6]

6-) 6 için
[2, 16, 18, 22, 6, 27]
[2, 16, 18, 6, 22, 27]
[2, 16, 6, 18, 22, 27]
[2, 6, 16, 18, 22, 27]

Average ve Worst case için Big O notasyonu O(n^2) dir. 
Best case için O(n)’dir. 

2SORU:  18 sayısı worst case’e girer yani aradığımız sayı sondadır. 

İLK 4 ADIM:
[7, 3, 5, 8, 2, 9, 4, 15, 6]  

1-)
[2, 3, 5, 8, 7, 9, 4, 15, 6]

2-)
[2, 3, 5, 8, 7, 9, 4, 15, 6]

3-)
[2, 3, 4, 8, 7, 9, 5, 15, 6]

4-)
[2, 3, 4, 6, 7, 9, 5, 15, 8]
